7.772168083728298,1.9554343515938015
-3.526094400859895,0.434957238733924
-0.6516094519020843,1.5109407166850248
-2.875478110236889,2.290845484525301
3.8754375187891927,2.4256700143549317
8.989386843153273,-3.8486365911957816
3.712703171629265,3.0752998672330865
0.577989280361912,2.470211842597857
3.0731456381104394,-0.7841069772561422
7.195719183312422,1.6489498992400655
-4.457073451516807,-4.320457292893867
3.343508348911538,0.4699564062727193
8.975719066220226,3.332372203037867
2.865898349820039,0.49365881770611075
3.6474887201752377,3.8960442181375257
3.012257123087581,3.216194261451621
5.385075165220238,0.36195616620687243
5.17932063923287,-0.3664206589300436
-3.5440057872179667,1.2558581831948032
2.8094452160056385,3.5718555572061597
9.07279616240609,1.6129741449443973
4.746797586766247,3.6317384794872805
0.9844826453738778,0.8740216926013256
6.014759609686934,2.20575949813796
-0.03530138782450809,-0.6873616496675901
-4.123508891730333,-1.3867930974675229
6.932954454154933,1.3056934433891376
-4.8878798746337715,-0.8852580574012334
-4.346751774380573,3.9301460701537696
7.217444784346819,1.9875306329051732
-1.036920128852036,0.7935213410236575
-3.8097181459666127,-2.3363063781127567
5.956217465553159,2.1912337647106526
1.5644059700961988,3.0377462602645178
8.492480761215798,-0.22500625220671377
-1.4181315180006893,1.664088754916616
-3.8327236183940627,-2.360020720702855
-4.409222561297356,-3.7881961970111178
0.7085901511802808,2.633147485101846
8.868542978018228,-2.989570408819145
6.859322992132633,-0.5572489964011025
7.90030382856377,-2.978436655370744
-4.508939309688008,-4.290547635270816
8.267557491627198,2.9457657480034207
-0.7695488404836439,3.2162841340670294
1.1101992826133191,2.624493600103543
-2.915565869620217,2.1546723407213033
-3.3734134245412273,3.132606450257585
8.752280630387656,0.38146461947424193
-3.7749629794372535,-2.50749176089677
5.676454880688217,0.45368236377501514
2.791562068347167,1.3622035668211554
-1.9938244534144496,0.6399048888128034
8.228455830653195,0.1687690036978271
-0.17872272837738024,3.3877120946691353
1.4602808546378343,0.35641036426354145
3.8378959319520227,3.226932295317912
-3.247060466150753,3.0853320952784618
8.76255093521585,-5.108914179344852
0.9768025652919992,1.8918786277660278
7.305430250022718,3.044178413008142
-1.085610142283886,0.3171209115500533
8.017568672963266,0.710454458251184
-3.6392957472818175,-3.7119988259342938
-0.8066794978345948,0.34147420620930014
7.8817787121282645,2.0294980235603344
1.176127733544825,-0.005708068582096715
8.497596342364046,1.3373724647087144
7.971324998518906,2.346197201785735
-0.7179579616535019,2.267179847272139
1.2773313125981716,1.0079437258566797
8.825295390734762,0.07484499506485331
-3.9888865098075117,1.530206323921239
-2.2724383695888113,-0.17558614109905335
-1.93791940006661,0.801947601413123
-4.0199884188525825,0.6415661292546879
-2.50566342741851,2.9554095644409166
-4.70923208469984,-1.6140034202235123
4.83009057099817,0.3059382105677164
4.758813984792132,1.6521169590820843
6.369445007386263,3.682321556915239
5.424890421469097,0.48436167126644225
-3.8653915553452842,3.1126462485811768
1.375171824409903,3.46973112957326
5.309518279385124,2.0888027723903466
5.699489629447365,-0.6091113663085501
-0.7767204613872316,2.088443578907764
5.7355181775752335,0.3325850508704553
-3.4577367907202534,2.8673229265437055
7.443734409679038,2.5887741741523396
8.185726421891538,-4.143711846222859
6.489931242284387,-0.1558843627597728
2.793101847531309,0.5752045026006698
5.140025400875139,3.7570354689040375
5.907054615072116,3.3162701360791846
7.674022642106479,-4.9648785922615835
-0.6293138948906574,3.3200983617244013
-4.820256642267662,-2.6047486451153286
6.450517479835925,1.4313289052952927
8.410527338055704,1.9106178076203406
